1 179 178 31 96 25 19 1 true
1 179 178 31 96 25 19 1 true
1 179 178 31 96 54 177 16 7 16 180 120 1 true
1 6 131 31 1 true
1 6 131 31 1 true
1 6 131 31 1 true
1 10 182 25 84 25 126 21 1 true
1 21 183 25 25 185 31 186 10 1 true
1 6 187 188 189 120 25 191 10 1 true
1 88 187 21 1 true
1 6 195 31 19 1 true
1 6 195 31 19 1 true
1 6 195 31 19 1 true
1 6 195 31 19 1 true
1 6 195 31 19 1 true
1 19 62 6 19 1 true
1 21 1 true
1 10 187 31 198 54 1 true
1 10 187 31 198 54 1 true
1 10 203 25 204 25 19 1 true
1 10 203 23 205 88 204 21 206 88 44 16 207 34 195 19 1 true
1 2 208 10 176 31 47 16 1 true
1 2 208 10 176 31 47 16 1 14 209 31 210 10 208 23 195 19 1 true
1 2 208 10 176 31 47 16 1 14 209 31 210 10 208 23 195 19 1 true
1 34 49 56 214 88 44 16 215 78 1 true
1 34 49 56 214 88 44 16 215 78 1 true
1 6 206 6 1 true
1 10 187 23 45 31 199 21 1 true
1 6 206 21 92 2 1 true
1 2 226 98 187 31 141 31 1 true
1 2 226 98 187 31 141 31 1 true
1 34 227 31 228 16 159 16 228 31 229 34 1 true
1 6 206 197 232 25 1 true
1 6 206 197 232 25 31 19 1 true
1 2 233 2 234 25 1 true
1 6 236 31 131 10 19 1 true
1 25 244 152 62 34 1 true
1 25 244 152 62 34 1 true
1 25 244 152 62 34 1 true
1 245 246 200 31 1 true
1 245 246 200 31 1 true
1 245 246 200 31 1 true
1 31 31 1 19 1 true
1 31 31 1 50 1 true
1 31 31 1 50 1 true
1 31 31 1 true
1 6 63 31 247 10 1 true
1 197 248 152 249 34 1 true
1 10 131 31 198 60 1 true
1 2 198 6 34 1 true
1 2 198 6 251 34 1 true
1 6 246 64 252 34 195 19 1 true
1 19 197 205 10 1 true
1 64 246 31 2 1 true
1 2 1 true
1 6 205 34 1 true
1 10 68 25 257 6 205 19 1 true
1 19 205 42 258 25 96 66 193 10 1 true
1 6 194 21 1 19 1 true
1 6 194 21 1 true
1 19 1 50 155 10 1 true
1 50 155 10 1 true
1 14 264 31 1 19 1 true
1 14 264 31 1 19 1 true
1 19 1 10 195 25 265 25 1 true
1 10 195 25 265 25 1 true
1 19 1 true
1 25 267 2 1 true
1 98 278 31 279 31 280 25 191 10 1 true
1 64 278 21 1 true
1 8 19 1 true
1 8 19 1 true
1 10 281 10 1 true
1 2 282 197 283 31 284 10 220 19 1 true
1 6 233 31 287 25 288 21 233 23 289 19 1 true
1 2 278 21 1 true
1 25 44 6 278 19 1 true
1 19 1 25 1 true
1 25 1 true
1 19 1 25 1 19 1 true
1 25 1 true
1 19 1 true
1 25 1 true
1 31 300 25 34 300 19 1 true
1 19 300 34 25 222 197 205 23 301 10 1 true
1 88 39 23 2 195 14 1 true
1 88 39 23 19 1 true
1 88 39 14 1 true
1 10 195 2 1 true
1 19 308 179 1 true
1 31 309 21 178 120 1 true
1 19 289 78 282 19 1 true
1 25 143 25 310 25 311 25 62 16 150 6 19 1 true
1 25 143 25 310 25 311 25 62 16 150 6 19 1 true
1 10 272 179 1 true
1 25 25 195 60 1 true
1 42 1 true
1 31 198 25 170 6 1 true
1 19 10 206 25 321 25 311 25 320 12 19 1 true
1 19 10 206 25 321 25 311 25 320 12 19 1 true
1 6 206 21 218 25 19 1 true
1 19 278 19 1 true
1 327 131 6 1 true
1 10 289 42 309 16 328 6 1 true
1 10 289 42 309 16 328 6 1 true
1 34 19 1 true
1 10 334 10 1 true
1 10 334 10 1 87 19 1 true
1 25 218 34 334 12 35 14 335 31 336 10 220 19 1 true
1 10 203 25 84 25 337 64 1 true
1 10 203 31 141 25 6 19 1 true
1 10 203 31 141 25 6 19 1 true
1 6 173 341 187 21 1 true
1 6 173 341 187 21 1 true
1 2 195 31 7 197 342 197 131 16 343 6 1 true
1 2 195 31 7 197 342 197 131 16 343 6 1 true
1 6 347 31 348 88 295 152 348 2 1 true
1 6 347 31 348 88 295 152 19 1 true
1 6 347 31 348 88 295 152 19 1 true
1 6 195 8 1 true
1 6 195 8 1 true
1 6 195 8 1 true
1 6 187 21 1 true
1 6 253 31 349 197 350 21 1 true
1 78 351 31 195 179 1 true
1 10 352 25 353 31 354 88 226 6 355 16 86 25 356 25 357 25 212 34 358 2 1 true
1 10 178 31 177 34 1 true
1 64 360 34 1 true
1 64 360 34 1 true
1 10 349 31 159 78 1 true
1 19 221 6 361 31 362 78 1 true
1 19 337 10 203 31 141 23 206 197 173 144 365 2 195 8 1 true
1 19 366 25 1 true
1 19 10 206 31 367 16 7 16 57 31 205 2 1 true
1 19 10 206 31 367 16 7 16 57 31 205 2 1 true
1 19 10 206 31 57 14 131 144 1 true
1 19 10 206 31 57 14 131 144 1 true
1 19 10 206 31 57 14 131 144 1 true
1 19 10 161 197 131 31 1 true
1 19 10 161 197 131 31 1 true
1 98 368 98 1 true
1 10 289 98 187 98 372 10 1 true
1 2 373 47 14 339 31 1 true
1 10 375 31 374 197 1 31 339 14 47 54 336 6 195 19 1 true
1 19 25 84 50 138 197 195 8 1 true
1 19 25 84 50 138 197 195 8 1 true
1 19 10 178 6 1 true
1 19 10 178 6 1 true
1 19 1 6 210 25 205 34 1 true
1 19 1 6 210 25 205 34 1 true
1 19 1 6 210 25 205 34 1 true
1 6 210 25 205 34 1 true
1 6 210 25 205 34 1 true
1 6 210 25 205 34 1 true
1 25 173 31 383 171 1 true
1 25 173 31 383 171 1 true
1 31 384 171 1 true
1 12 86 8 1 true
1 12 86 8 1 true
1 12 86 8 1 true
1 8 1 true
1 179 195 385 386 6 1 true
1 6 165 88 205 34 1 true
1 6 165 88 205 34 1 true
1 6 165 88 205 34 1 true
1 50 205 34 1 true
1 12 255 152 205 34 1 true
1 12 255 144 387 2 195 8 1 true
1 10 278 10 1 true
1 2 388 2 1 true
1 25 364 10 1 true
1 23 278 21 389 25 1 true
1 25 1 true
1 25 147 6 278 19 1 true
1 19 278 6 253 31 1 true
1 6 395 157 90 2 1 true
1 6 395 157 90 2 1 true
1 6 396 21 1 true
1 6 396 21 1 true
1 60 1 true
1 19 12 131 16 16 131 197 398 10 206 88 31 10 398 19 1 true
1 19 69 6 399 306 93 88 400 21 401 88 131 64 1 true
1 10 210 6 403 16 44 6 404 6 131 277 1 true
1 19 1 true
1 19 21 1 true
1 19 21 1 true
1 21 80 2 1 true
1 10 195 179 1 true
1 10 195 179 1 true
1 6 264 21 178 34 1 true
1 6 264 21 178 34 1 true
1 64 138 10 220 25 370 25 84 25 1 true
1 25 333 6 1 true
1 6 7 21 1 19 1 true
1 6 7 88 44 16 210 341 187 21 69 19 1 true
1 6 430 23 431 88 202 31 69 2 1 true
1 98 187 98 1 true
1 98 187 25 1 true
1 98 436 98 1 19 1 true
1 98 436 98 1 true
1 10 440 6 236 31 414 10 1 true
1 12 414 27 221 197 414 23 76 60 19 1 true
1 12 414 27 221 197 414 23 76 60 19 1 true
1 10 440 6 80 23 441 50 221 25 442 10 1 true
1 2 69 23 76 60 1 true
1 6 122 14 1 true
1 19 446 50 191 25 6 447 8 1 true
1 6 414 16 122 16 155 31 131 10 1 true
1 19 6 414 16 122 16 155 31 131 10 1 true
1 6 147 31 1 true
1 6 147 31 1 true
1 25 187 2 1 true
1 19 19 1 true
1 10 57 6 16 356 197 93 457 343 25 34 1 true
1 19 243 25 25 84 25 388 31 1 true
1 16 459 25 93 25 460 25 1 true
1 2 113 21 1 19 1 true
1 12 463 16 79 54 1 true
1 12 463 16 79 54 243 152 439 34 1 true
1 10 195 14 1 true
1 23 466 25 13 31 467 56 113 21 1 true
1 10 289 6 347 64 1 true
1 19 1 true
1 2 113 10 468 31 469 16 7 54 469 31 468 115 1 true
1 2 113 10 468 31 469 16 7 54 469 31 468 115 1 true
1 2 113 10 468 31 469 16 7 54 469 31 468 115 1 true
1 2 113 10 468 31 469 16 7 54 469 31 468 115 1 true
1 2 470 31 471 31 472 2 1 true
1 6 195 31 19 1 true
1 6 195 31 19 1 true
1 6 195 31 19 1 true
1 6 195 31 19 1 true
1 6 195 31 19 1 true
1 19 19 1 true
1 21 1 true
1 10 187 31 198 54 1 true
1 10 187 31 198 54 1 true
1 19 69 42 1 true
1 64 187 21 289 10 1 true
1 50 69 197 195 277 1 true
1 50 69 197 195 277 1 true
1 50 69 25 1 true
1 23 275 6 479 8 1 true
1 50 153 10 1 true
1 25 253 31 289 197 187 21 19 1 true
1 25 253 31 289 197 187 21 19 1 true
1 25 253 31 289 197 187 21 19 1 true
1 10 289 21 113 6 1 true
1 6 187 188 192 120 289 19 1 true
1 25 25 1 true
1 25 486 25 289 100 1 true
1 19 21 130 2 1 true
1 19 21 130 2 1 true
1 19 10 187 31 489 21 1 true
1 19 10 187 31 489 21 19 1 true
1 19 10 187 31 489 21 19 1 true
1 19 10 187 31 489 21 1 true
1 19 10 187 31 489 21 19 1 true
1 19 10 187 31 489 21 19 1 true
1 19 10 187 31 489 21 1 true
1 19 10 187 31 489 21 19 1 true
1 19 10 187 31 489 21 19 1 true
1 19 10 187 31 489 21 1 true
1 19 10 187 31 489 21 19 1 true
1 19 10 187 31 489 21 19 1 true
1 10 131 6 452 34 187 21 1 true
1 10 131 6 452 34 187 21 1 true
1 31 195 8 1 true
1 6 6 1 31 195 8 1 true
1 6 195 54 88 372 25 10 1 true
1 10 289 12 346 21 1 true
1 10 289 12 346 21 1 true
1 31 31 214 197 187 6 81 88 128 21 1 true
1 2 214 197 187 6 81 88 128 21 1 true
1 21 128 88 81 6 187 21 1 true
1 23 491 197 53 306 193 88 47 144 1 true
1 19 113 21 1 true
1 10 289 10 1 true
1 19 349 88 238 23 113 21 1 true
1 10 437 10 187 21 19 1 true
1 10 437 10 187 21 19 1 true
1 10 437 10 187 54 209 12 19 1 true
1 10 437 10 187 54 209 12 19 1 true
1 25 187 21 1 true
1 25 187 21 1 true
1 10 187 25 497 21 19 1 true
1 10 187 87 19 1 true
1 21 19 1 true
1 10 187 293 499 10 440 6 25 96 120 1 true
1 21 131 21 1 true
1 21 131 6 25 96 120 1 true
1 21 131 6 25 96 54 96 31 34 19 1 true
1 23 289 42 132 501 41 6 195 10 1 true
1 21 1 true
1 98 502 98 1 true
1 10 239 12 61 371 1 true
1 8 1 true
1 98 187 98 1 true
1 10 505 25 506 10 507 6 1 true
1 2 187 25 289 10 19 1 true
1 2 187 25 289 10 19 1 true
1 2 187 50 1 21 325 21 1 true
1 19 1 6 513 34 1 true
1 19 1 6 513 34 1 true
1 6 513 34 1 true
1 6 513 34 1 true
1 6 513 34 1 true
1 6 513 34 1 true
1 2 278 19 1 true
1 10 203 25 143 25 514 25 19 1 true
1 10 203 25 143 25 514 25 19 1 true
1 42 1 true
1 2 113 21 278 88 253 31 93 2 1 true
1 10 515 6 195 188 180 120 289 10 1 true
1 50 93 25 519 88 202 14 1 true
1 2 519 88 202 14 1 true
1 2 519 88 202 14 1 true
1 19 1 8 1 true
1 8 1 true
1 144 520 144 1 19 1 true
1 144 520 144 1 true
1 12 269 16 113 21 1 true
1 10 113 31 523 21 1 true
1 21 69 2 1 true
1 21 1 true
1 6 195 8 1 true
1 10 289 6 61 21 1 true
1 10 289 6 61 21 1 true
1 25 311 25 528 2 1 true
1 2 69 179 187 21 19 1 true
1 2 69 179 187 21 19 1 true
1 2 69 179 187 21 19 1 true
1 2 69 179 187 21 19 1 true
1 2 195 6 79 6 59 2 529 8 275 19 1 true
1 2 195 6 79 6 59 2 529 8 275 19 1 true
1 10 289 6 530 34 113 21 1 true
1 10 289 6 530 34 113 21 1 true
1 10 349 88 269 14 221 34 1 true
1 10 349 6 187 21 69 19 1 true
1 10 349 6 187 21 69 19 1 true
1 19 69 6 210 23 531 341 309 14 206 6 1 true
1 19 69 6 210 23 531 341 309 14 206 6 1 true
1 6 195 8 1 true
1 42 1 true
1 6 351 23 536 21 1 true
1 10 185 10 1 true
1 10 185 10 1 true
1 10 185 10 1 true
1 6 187 21 1 true
1 6 187 21 1 true
1 2 195 8 289 10 1 19 1 true
1 2 195 8 289 10 1 19 1 true
1 10 289 8 195 6 187 21 1 true
1 10 289 8 195 6 187 213 187 21 1 true
1 10 289 8 195 6 187 213 187 21 1 true
1 10 272 6 346 31 289 10 1 true
1 10 272 6 346 31 289 10 1 true
1 6 187 21 1 true
1 98 187 98 1 true
1 98 187 98 1 87 1 true
1 19 19 1 true
1 6 206 64 1 true
1 50 1 true
1 50 282 2 1 true
1 50 1 50 282 2 1 true
1 2 187 21 1 true
1 2 113 21 1 true
1 12 131 23 76 23 1 true
1 2 437 98 187 98 1 true
1 64 155 16 255 179 548 25 549 31 312 88 421 31 185 88 264 31 506 25 550 10 1 true
1 6 437 277 202 8 69 88 264 14 551 10 19 1 true
1 6 437 277 202 8 69 88 264 14 551 10 19 1 true
1 10 195 31 481 8 1 true
1 25 1 true
1 98 76 98 1 true
1 98 554 6 148 8 216 19 1 true
1 10 278 10 1 true
1 2 131 88 61 144 1 true
1 2 131 88 61 144 1 true
1 10 289 98 187 98 437 10 1 2 1 true
1 10 289 98 187 98 437 10 1 2 1 true
1 88 557 31 558 10 289 179 131 31 558 179 187 21 1 true
1 88 557 31 558 10 289 179 131 31 558 179 187 21 1 true
1 6 560 200 561 31 316 98 1 true
1 6 560 200 561 31 316 98 1 true
1 10 203 25 84 25 202 64 1 true
1 2 158 2 1 true
1 10 349 10 1 true
1 19 267 19 1 true
1 42 187 21 437 88 31 19 1 true
1 42 187 21 131 115 1 19 1 true
1 42 187 21 131 115 1 50 1 true
1 42 187 21 131 115 1 50 1 true
1 42 187 21 131 115 1 50 1 true
1 42 187 21 131 115 1 true
1 25 140 6 349 10 1 true
1 10 349 6 140 8 565 25 289 197 566 306 567 25 289 88 269 14 187 21 1 true
1 25 521 31 208 2 195 2 1 true
1 31 131 10 1 true
1 25 187 2 1 true
1 2 220 34 221 19 1 true
1 2 69 31 430 16 1 true
1 19 113 25 1 19 1 true
1 19 113 25 1 true
1 19 113 25 1 true
1 6 187 6 1 true
1 6 578 6 1 true
1 6 579 6 1 true
1 25 580 6 187 19 1 true
1 582 581 25 35 12 113 19 1 true
1 21 113 152 1 true
1 21 69 25 545 25 113 64 1 true
1 6 587 152 323 98 1 true
1 6 587 152 323 98 1 true
1 98 323 98 1 true
1 10 59 25 588 25 1 true
1 10 594 78 264 88 505 6 530 34 187 21 1 true
1 19 1 23 195 8 1 true
1 23 195 8 1 true
1 19 87 1 23 195 8 1 true
1 2 595 23 195 8 1 true
1 10 191 42 187 21 1 true
1 19 221 78 1 true
1 2 437 21 187 12 346 144 1 true
1 6 195 31 437 2 1 true
1 25 1 true
1 6 560 34 1 true
1 10 602 6 481 60 90 2 1 true
1 6 198 25 25 19 1 true
1 6 198 25 25 19 1 true
1 98 187 98 1 true
1 2 195 8 19 1 true
1 2 195 8 19 1 true
1 42 1 true
1 2 153 25 84 25 580 21 1 true
1 6 609 23 278 21 19 1 true
1 6 609 23 278 21 19 1 true
1 6 198 56 7 14 76 2 1 true
1 6 481 31 558 10 1 true
1 10 558 31 481 8 1 true
1 98 187 98 1 true
1 6 612 34 1 true
1 25 131 144 19 1 true
1 25 131 144 19 1 true
1 25 206 10 1 true
1 8 195 197 1 25 206 10 1 true
1 2 187 19 1 true
1 2 187 10 289 25 1 371 289 197 476 23 615 19 1 true
1 2 616 50 612 152 45 21 268 25 131 10 1 2 1 true
1 50 617 10 195 8 1 true
1 10 272 31 619 8 69 19 1 true
1 12 269 16 584 21 1 true
1 10 126 31 79 8 1 true
1 6 526 23 155 10 1 true
1 2 289 23 505 12 346 277 195 8 1 true
1 2 289 23 505 12 346 277 195 8 1 19 1 true
1 19 69 10 475 12 269 54 1 6 289 34 2 1 true
1 19 69 10 475 12 269 54 1 6 289 34 19 1 true
1 10 621 25 208 12 346 34 622 25 131 2 195 8 1 true
1 25 131 25 69 2 1 true
1 98 187 98 19 1 true
1 98 187 98 19 1 true
1 10 220 12 346 21 1 true
1 10 5 88 187 21 1 true
1 10 5 88 187 21 1 50 1 true
1 98 187 98 1 true
1 64 16 439 10 1 true
1 19 6 439 10 1 true
1 42 187 21 1 true
1 98 187 98 1 true
1 6 206 21 289 10 1 true
1 25 69 25 50 113 21 19 1 true
1 2 69 10 187 115 1 true
1 2 69 10 187 115 1 true
1 2 69 10 187 115 1 true
1 2 69 10 187 115 1 true
1 6 187 21 1 true
1 6 187 21 1 true
1 6 187 120 1 true
1 6 187 120 1 true
1 34 346 25 53 6 396 19 1 true
1 34 302 306 53 25 346 2 624 2 1 true
1 19 12 74 306 1 true
1 19 12 74 306 1 true
1 19 12 74 306 1 true
1 12 631 31 468 25 278 21 1 true
1 12 631 31 468 25 278 21 1 true
1 6 187 21 1 true
1 10 187 25 84 25 292 21 1 true
1 10 187 25 84 25 292 21 1 true
1 88 113 21 1 true
1 21 113 21 1 19 1 true
1 2 1 true
1 2 1 6 642 6 19 1 true
1 6 195 8 1 true
1 6 195 8 1 true
1 88 202 8 289 10 1 true
1 2 278 19 1 true
1 277 411 21 1 true
1 19 6 57 16 1 true
1 19 6 57 16 1 true
1 197 1 true
1 25 84 25 1 197 195 31 289 2 1 true
1 6 131 64 1 true
1 6 195 8 289 19 1 true
1 6 205 34 1 true
1 6 173 31 652 10 1 true
1 21 268 2 652 25 205 34 1 true
1 10 206 12 368 152 69 2 278 21 19 1 true
1 10 206 12 368 152 69 2 278 21 19 1 true
1 2 278 2 1 true
1 6 47 31 130 10 1 true
1 10 289 6 61 21 1 true
1 19 138 10 289 6 61 21 1 true
1 6 252 21 1 true
1 6 252 21 1 true
1 10 655 6 476 16 7 54 346 12 289 10 1 true
1 19 289 6 61 31 187 21 1 true
1 12 656 56 325 25 187 25 418 21 1 true
1 19 656 25 418 25 411 21 1 true
1 21 1 true
1 64 187 21 1 true
1 19 664 10 233 98 187 144 206 21 495 10 664 19 1 true
1 25 84 25 113 21 1 true
1 6 187 21 428 25 398 115 1 true
1 6 187 21 428 25 398 115 1 true
1 6 187 21 428 25 398 115 1 true
1 60 1 2 1 2 1 true
1 10 414 10 1 19 1 true
1 10 414 10 1 true
1 25 278 2 1 true
1 54 669 54 1 true
1 6 206 6 1 true
1 100 289 100 1 true
1 98 187 98 1 true
1 6 131 25 543 25 57 19 1 true
1 6 75 16 7 16 131 25 543 25 57 19 1 true
1 2 113 21 437 2 1 true
1 19 348 6 195 31 206 10 1 true
1 19 445 12 346 34 1 true
1 19 445 12 346 34 1 true
1 2 195 2 69 2 1 true
1 2 195 2 69 2 1 true
1 2 445 88 185 21 1 true
1 2 445 88 185 21 1 true
1 19 69 19 1 true
1 25 84 25 113 21 311 19 1 true
1 12 86 14 414 60 1 true
1 120 685 25 414 14 86 14 414 60 1 true
1 12 113 21 1 true
1 12 113 21 1 true
1 12 113 21 1 true
1 19 187 25 289 25 84 25 414 31 1 true
1 19 187 25 289 25 84 25 414 31 1 true
1 10 289 10 195 144 61 8 686 78 1 true
1 10 289 10 195 144 61 8 686 78 1 true
1 21 1 true
1 21 1 true
1 23 122 197 195 31 289 10 1 true
1 23 122 197 195 31 289 10 1 true
1 23 122 197 195 31 289 10 1 true
1 6 195 31 349 78 282 2 1 true
1 6 195 31 349 78 282 2 1 true
1 98 187 31 687 31 560 2 1 true
1 98 187 31 687 31 560 2 1 true
1 31 109 60 195 8 69 19 1 true
1 6 689 690 1 true
1 98 113 98 1 true
1 25 1 true
1 25 1 25 84 25 1 true
1 6 187 21 1 true
1 6 187 21 1 true
1 21 187 16 7 25 598 25 316 31 520 197 131 64 1 true
1 21 187 16 7 25 598 25 316 31 520 197 131 64 1 true
1 2 93 2 195 8 1 true
1 31 295 25 113 21 19 1 true
1 31 295 25 113 21 19 1 true
1 12 113 21 19 1 true
1 12 113 21 19 1 true
1 10 195 10 1 true
1 12 113 21 1 true
1 98 113 98 1 true
1 2 195 31 74 8 1 true
1 305 47 25 705 25 349 10 1 true
1 305 47 25 705 25 349 10 1 19 1 true
1 305 47 25 705 25 349 10 1 true
1 305 47 25 705 25 349 10 1 true
1 25 349 10 1 true
1 25 349 10 1 19 1 true
1 25 349 10 1 true
1 25 349 10 1 true
1 25 113 21 1 true
1 19 10 131 25 709 25 311 25 61 12 19 1 true
1 19 10 131 25 709 25 311 25 61 12 19 1 true
1 88 113 21 278 19 1 true
1 19 196 10 289 31 566 25 316 31 172 88 714 64 1 true
1 19 196 10 289 31 566 25 316 31 172 88 714 64 1 true
1 6 187 21 1 true
1 50 69 197 269 21 460 2 1 true
1 10 349 42 187 21 1 true
1 25 419 54 388 54 1 true
1 6 187 21 69 50 1 true
1 42 1 true
1 19 1 6 277 187 21 1 true
1 6 277 187 21 1 true
1 152 267 21 1 true
1 19 603 25 131 10 1 true
1 19 50 69 12 255 23 95 197 202 8 349 10 19 1 true
1 19 50 69 12 255 23 95 197 202 8 349 10 19 1 true
1 19 50 69 12 255 23 95 197 202 8 349 10 19 1 true
1 19 50 69 12 255 23 95 197 202 8 349 10 19 1 true
1 10 437 10 19 1 true
1 19 1 50 1 true
1 21 69 2 1 true
1 19 2 727 34 364 2 195 8 2 1 true
1 19 2 727 34 364 2 195 8 197 255 12 1 true
1 19 2 727 34 364 2 195 8 2 1 true
1 19 2 727 34 364 2 195 8 197 255 12 1 true
1 10 349 34 226 2 195 8 1 true
1 197 355 31 729 10 730 34 731 2 195 2 1 true
1 10 349 6 63 31 276 78 195 19 1 true
1 2 233 23 208 12 39 369 195 31 62 2 1 true
1 19 221 23 1 true
1 2 187 21 1 true
1 2 187 21 1 true
1 98 325 98 1 true
1 10 268 88 90 31 323 31 69 88 320 31 1 19 1 true
1 10 268 88 90 31 323 31 69 88 320 31 1 true
1 25 1 true
1 25 1 6 1 true
1 42 187 21 1 true
1 2 187 31 7 21 1 true
1 2 187 31 7 21 1 true
1 10 289 100 735 25 221 31 47 14 736 34 208 88 39 23 195 19 1 true
1 10 289 100 735 25 221 31 47 14 736 34 208 88 39 23 195 19 1 true
1 2 69 25 19 1 true
1 19 195 23 1 true
1 25 738 2 93 23 275 6 479 14 195 6 1 true
1 19 49 10 1 true
1 2 69 31 264 625 19 1 true
1 19 1 true
1 10 562 10 19 1 true
1 25 69 64 1 true
1 19 197 271 8 1 true
1 277 195 14 1 true
1 19 428 10 203 25 84 25 580 31 153 88 202 8 278 2 1 true
1 19 428 10 203 25 84 25 580 31 153 88 202 8 278 19 1 true
1 2 278 19 1 true
1 19 289 10 203 25 709 25 743 2 202 8 1 true
1 19 289 10 203 25 709 25 743 2 202 8 1 25 49 12 278 19 1 true
1 25 49 12 278 19 1 true
1 6 195 152 203 88 187 21 1 true
1 6 195 152 203 88 187 21 1 true
1 25 131 10 1 true
1 12 269 54 131 144 19 1 true
1 12 269 54 131 144 19 1 true
1 12 269 54 131 144 19 1 true
1 12 269 54 131 144 19 1 true
1 19 31 320 88 69 6 195 8 289 10 1 true
1 19 31 320 88 69 6 195 8 289 10 1 true
1 19 187 19 1 true
1 10 268 25 750 25 311 25 113 31 1 true
1 6 521 31 178 34 1 true
1 10 178 42 569 8 558 179 370 25 323 31 282 19 1 true
1 19 19 1 true
1 19 19 1 true
1 10 278 10 1 true
1 34 178 377 44 16 249 6 220 19 1 true
1 21 463 8 558 25 753 188 1 34 178 377 44 16 249 6 220 19 1 true
1 21 1 19 1 true
1 10 113 31 35 21 1 true
1 10 113 31 35 31 69 25 255 152 1 true
1 98 187 98 1 true
1 6 155 371 239 78 1 true
1 21 1 true
1 21 1 true
1 21 1 true
1 21 1 true
1 12 86 23 278 21 1 true
1 12 86 23 278 21 1 true
1 64 195 31 1 true
1 64 195 31 1 true
1 2 278 25 1 true
1 10 59 6 211 16 346 34 195 19 1 true
1 19 25 1 true
1 10 187 10 1 true
1 197 610 31 558 179 396 21 1 true
1 31 113 2 1 true
1 31 113 2 1 true
1 31 113 2 1 true
1 10 556 88 113 21 1 true
1 10 556 88 113 21 1 true
1 88 113 21 1 true
1 2 278 88 253 64 1 true
1 2 414 10 763 2 1 true
1 6 75 31 414 10 19 1 true
1 6 75 31 414 10 19 1 true
1 25 441 6 414 10 1 true
1 10 113 25 765 31 325 21 437 10 19 1 true
1 10 113 25 765 31 325 21 437 10 19 1 true
1 10 414 31 141 31 113 21 1 true
1 10 414 31 141 54 355 6 278 19 1 true
1 21 113 31 141 54 355 6 278 19 1 true
1 6 187 14 1 6 1 true
1 19 1 50 439 19 1 true
1 19 1 50 439 19 1 true
1 50 439 19 1 true
1 50 439 19 1 true
1 50 1 50 439 19 1 true
1 50 1 50 439 19 1 true
1 19 50 1 50 439 19 1 true
1 19 50 1 50 439 19 1 true
1 98 35 197 187 50 117 31 185 14 767 88 549 23 6 1 19 1 true
1 98 35 197 187 50 117 31 185 14 767 88 549 23 6 1 true
1 2 414 25 1 true
1 10 768 25 6 1 true
1 64 769 25 454 6 1 true
1 98 187 98 1 true
1 19 532 10 203 25 84 25 202 8 289 10 1 true
1 2 131 10 1 true
1 2 289 88 202 8 69 19 1 true
1 19 221 78 289 19 1 true
1 19 275 6 555 14 195 6 1 true
1 6 1 true
1 19 528 10 203 2 202 8 289 19 1 true
1 19 528 6 153 10 608 19 1 true
1 19 528 6 153 197 195 31 289 10 1 true
1 10 289 25 772 10 203 6 202 54 230 6 204 10 1 true
1 6 521 31 773 197 195 6 204 19 1 true
1 10 776 78 774 31 505 197 777 457 773 19 1 true
1 19 771 6 1 true
1 19 1 true
1 42 187 21 1 true
1 12 86 12 101 197 295 8 1 true
1 2 131 31 75 363 1 true
1 12 131 144 1 true
1 10 278 10 1 true
1 6 414 64 1 true
1 64 414 27 221 2 53 306 302 88 414 144 1 true
1 88 578 21 1 true
1 6 129 6 1 true
1 25 187 25 780 2 1 true
1 10 278 10 1 true
1 10 278 6 187 21 1 true
1 10 278 6 187 21 1 true
1 98 187 98 1 true
1 2 191 25 280 25 1 true
1 2 191 88 360 31 1 true
1 2 191 42 187 21 1 true
1 10 187 31 481 88 1 78 334 25 1 785 356 88 299 25 278 2 1 true
1 10 187 31 481 88 1 78 334 25 1 785 356 88 299 25 278 21 1 true
1 2 278 21 1 true
1 19 309 25 84 25 414 14 787 23 289 19 1 true
1 64 131 277 1 true
1 64 131 277 1 true
1 31 1 true
1 10 289 23 788 42 346 34 131 10 1 true
1 12 309 8 445 2 205 25 1 true
1 2 131 12 86 23 93 88 343 21 1 true
1 6 587 8 34 316 19 1 true
1 10 187 21 1 true
1 19 6 206 31 791 25 278 21 1 true
1 19 6 206 31 791 25 278 21 1 true
1 25 35 12 278 19 1 true
1 2 338 197 187 21 1 true
1 21 1 19 1 true
1 21 1 50 1 true
1 21 1 true
1 10 436 25 84 25 69 2 1 true
1 64 320 88 1 197 187 21 1 19 1 true
1 64 320 88 1 197 187 21 1 50 1 true
1 64 320 88 1 197 187 21 1 true
1 64 320 88 1 10 161 31 255 305 1 true
1 21 1 true
1 21 187 25 84 25 1 true
1 10 187 31 797 197 342 25 278 64 1 true
1 25 205 6 173 31 414 2 1 true
1 25 205 6 173 31 414 2 1 true
1 25 195 31 798 10 1 true
1 25 187 2 1 true
1 19 289 371 187 25 1 25 7 6 1 true
1 21 187 25 1 25 7 6 1 true
1 19 278 10 527 8 714 6 1 true
1 10 113 31 61 21 1 true
1 19 278 19 1 true
1 197 799 120 1 true
1 19 19 1 true
1 21 187 25 388 25 278 2 1 true
1 6 187 21 1 true
1 21 187 21 62 2 1 true
1 10 440 6 61 60 1 true
1 42 803 31 804 10 19 1 true
1 42 803 31 804 10 19 1 true
1 42 803 25 131 64 1 true
1 98 187 98 1 true
1 64 255 16 1 true
1 64 255 14 47 25 809 64 1 true
1 19 267 19 1 true
1 10 195 8 1 true
1 10 195 8 1 true
1 6 195 8 472 10 437 10 1 true
1 2 187 21 1 true
1 2 187 21 1 true
1 6 187 21 69 25 19 1 true
1 6 187 21 69 25 19 1 true
1 6 187 21 19 1 true
1 6 187 21 19 1 true
1 64 812 6 1 true
1 64 812 6 1 true
1 10 59 25 84 25 813 31 336 2 1 true
1 25 25 1 true
1 19 25 1 true
1 19 208 19 1 true
1 19 278 19 1 true
1 25 1 true
1 64 69 21 69 2 1 true
1 19 445 10 531 6 187 21 495 2 1 true
1 6 187 56 683 6 19 1 true
1 6 187 56 683 6 19 1 true
1 6 521 6 1 true
1 2 364 6 381 21 1 true
1 19 818 6 346 31 187 10 1 true
1 10 195 179 1 true
1 10 195 179 1 true
1 10 203 6 202 8 289 10 19 1 true
1 10 203 6 202 8 289 10 19 1 true
1 42 1 true
1 6 268 10 303 305 289 197 823 31 1 true
1 19 34 205 31 596 88 223 6 609 31 1 true
1 19 34 205 31 596 88 223 6 609 31 1 true
1 31 609 31 1 25 19 1 true
1 19 10 289 12 346 21 153 50 19 1 true
1 19 10 289 12 346 21 153 50 19 1 true
1 2 69 25 25 206 42 206 21 1 true
1 10 349 8 91 23 6 187 21 1 true
1 10 349 8 91 23 6 187 21 1 true
1 10 289 10 830 12 346 21 1 true
1 10 113 31 173 21 1 true
1 10 113 31 173 21 1 true
1 42 388 31 1 true
1 88 113 21 1 true
1 19 25 113 21 1 true
1 19 25 113 21 1 true
1 10 309 31 173 8 1 true
1 10 309 31 173 8 1 true
1 19 1 true
1 64 253 25 278 25 1 true
1 64 253 25 278 25 1 25 1 19 1 true
1 19 1 true
1 19 19 1 true
1 19 10 527 6 1 true
1 10 579 31 638 25 1 true
1 25 138 10 525 10 88 113 21 537 10 206 19 1 true
1 25 138 10 525 10 88 113 21 537 10 206 19 1 true
1 19 1 10 525 10 88 113 21 537 10 206 19 1 true
1 19 1 25 1 10 525 10 88 113 21 537 10 206 19 1 true
1 19 1 25 1 10 525 10 88 113 21 537 10 206 19 1 true
1 25 1 25 1 10 525 10 88 113 21 537 10 206 19 1 true
1 25 1 25 1 10 525 10 88 113 21 537 10 206 19 1 true
1 10 525 10 88 113 21 537 10 206 19 1 true
1 10 525 10 88 113 21 537 10 206 19 1 true
1 21 1 true
1 6 187 54 469 31 468 10 1 true
1 10 272 34 346 88 302 50 49 50 843 2 1 true
1 10 289 25 187 6 1 true
1 19 289 10 1 true
1 19 445 6 7 8 289 2 1 true
1 10 289 25 845 6 414 64 1 true
1 98 187 98 80 19 1 true
1 50 69 42 252 21 1 true
1 21 1 true
1 10 349 25 12 346 21 1 true
1 98 113 98 1 true
1 25 79 25 1 true
1 6 173 31 62 25 414 10 1 true
1 6 173 31 62 25 414 10 1 true
1 6 173 31 62 25 414 10 1 true
1 6 131 21 1 true
1 6 131 21 87 1 true
1 2 69 98 187 25 84 25 1 true
1 6 187 21 1 true
1 19 195 6 1 true
1 2 187 10 289 6 31 208 25 50 10 1 true
1 12 39 23 131 10 1 true
1 98 187 98 1 true
1 98 187 50 612 34 1 true
1 2 187 21 1 true
1 6 126 25 253 31 782 157 1 true
1 6 126 25 253 31 782 157 1 true
1 6 126 25 253 31 782 157 1 true
1 6 206 6 1 true
1 25 35 6 187 19 1 true
1 98 187 98 1 true
1 23 122 6 221 34 289 19 1 true
1 2 851 10 1 true
1 19 60 19 1 true
1 19 60 19 1 true
1 19 60 19 1 true
1 19 60 19 1 true
1 6 803 31 19 1 true
1 60 1 true
1 25 1 true
1 2 25 289 10 19 1 true
1 2 25 289 10 19 1 true
1 10 349 12 819 144 1 true
1 19 1 10 244 25 84 25 187 64 1 true
1 10 244 25 84 25 187 64 1 true
1 19 50 1 10 244 25 84 25 187 64 1 true
1 6 131 25 323 60 857 19 1 true
1 19 857 60 323 25 131 31 1 true
1 10 203 78 767 54 510 12 278 2 1 true
1 2 653 88 202 8 282 2 1 true
1 10 860 6 187 21 810 10 292 10 1 true
1 6 195 31 62 50 1 true
1 25 155 31 131 2 1 true
1 25 155 60 187 21 864 19 1 true
1 2 187 31 141 21 1 19 1 true
1 2 187 31 141 21 1 true
1 6 195 8 1 true
1 10 275 6 208 277 195 25 1 true
1 10 275 6 208 277 195 25 8 1 true
1 98 187 98 1 true
1 23 1 true
1 10 437 10 349 6 187 21 1 true
1 2 543 10 90 25 867 25 311 25 812 25 295 115 1 true
1 2 543 10 90 25 867 25 311 25 812 25 295 115 1 true
1 2 543 10 90 25 867 25 311 25 812 25 295 115 1 true
1 6 155 10 1 true
1 868 187 31 255 54 1 6 25 869 19 1 true
1 868 187 31 255 54 1 true
1 98 187 98 603 19 1 true
1 25 174 25 1 true
1 6 155 371 558 25 187 21 437 19 1 true
1 6 155 371 558 25 187 64 1 true
1 10 187 10 1 true
1 19 131 12 155 64 1 true
1 2 113 21 873 2 1 true
1 6 331 306 1 true
1 2 3 4 5 6 7 8 9 10 1 false
1 10 9 12 13 14 15 16 6 19 1 false
1 8 20 21 22 23 25 26 6 9 10 1 false
1 8 20 21 22 23 25 26 27 28 29 3 2 1 false
1 10 9 6 26 27 28 29 3 2 1 false
1 10 30 31 32 31 33 34 19 1 false
1 10 30 31 32 31 33 34 19 1 false
1 10 30 31 32 31 33 34 25 19 1 false
1 10 30 31 32 31 33 34 19 1 false
1 19 19 1 false
1 19 25 19 1 false
1 19 34 33 34 19 1 false
1 19 25 19 1 false
1 19 34 33 34 19 1 false
1 19 25 34 33 34 19 1 false
1 12 35 23 36 23 37 2 38 34 1 false
1 12 35 23 36 23 37 2 38 34 1 false
1 34 38 34 1 false
1 10 39 10 40 31 41 42 43 6 44 31 45 10 1 false
1 19 19 1 false
1 19 8 19 1 false
1 19 8 19 1 false
1 19 8 19 1 false
1 19 8 19 1 false
1 19 19 1 false
1 19 19 1 false
1 19 10 46 10 47 31 48 14 1 false
1 19 10 46 10 47 31 48 14 1 14 49 6 19 1 false
1 19 10 46 10 47 31 48 14 1 false
1 19 10 46 10 47 31 48 14 1 14 49 6 19 1 false
1 14 49 6 19 1 false
1 19 46 19 1 false
1 19 46 19 1 false
1 50 51 25 52 19 1 false
1 23 53 54 53 6 46 2 1 false
1 25 46 2 1 false
1 19 19 1 false
1 19 10 9 10 19 1 false
1 19 10 9 10 19 1 false
1 19 10 9 6 55 56 13 6 1 false
1 19 10 9 10 19 1 false
1 19 10 9 10 19 1 false
1 19 10 9 6 55 56 13 6 1 false
1 19 19 1 false
1 19 10 9 6 55 56 13 6 1 false
1 19 10 9 6 55 56 13 6 1 false
1 10 57 2 1 false
1 19 50 1 false
1 19 50 1 false
1 19 19 1 false
1 50 50 1 false
1 50 19 1 false
1 50 19 1 false
1 19 1 false
1 19 50 1 false
1 19 19 1 false
1 19 6 58 6 19 1 false
1 19 6 58 6 19 1 false
1 50 19 1 false
1 50 6 58 6 19 1 false
1 50 6 58 6 19 1 false
1 19 6 58 6 19 1 false
1 19 6 58 6 19 1 false
1 19 19 1 false
1 10 59 10 19 1 false
1 10 59 10 19 1 false
1 10 59 10 19 1 false
1 10 59 10 19 1 false
1 10 59 10 19 1 false
1 10 59 10 19 1 false
1 10 59 10 19 1 false
1 10 59 10 19 1 false
1 19 19 1 false
1 19 10 59 10 19 1 false
1 19 10 59 10 19 1 false
1 19 10 59 10 19 1 false
1 19 10 59 10 19 1 false
1 19 10 59 10 19 1 false
1 19 10 59 10 19 1 false
1 19 10 59 10 19 1 false
1 19 10 59 10 19 1 false
1 19 10 59 10 19 1 false
1 19 10 59 10 19 1 false
1 19 10 59 10 19 1 false
1 19 10 59 10 19 1 false
1 19 19 1 false
1 19 10 59 10 19 1 false
1 19 10 59 10 19 1 false
1 19 10 59 10 19 1 false
1 19 10 59 10 19 1 false
1 19 10 59 10 19 1 false
1 19 10 59 10 19 1 false
1 19 10 59 10 19 1 false
1 19 10 59 10 19 1 false
1 19 19 1 false
1 19 10 59 10 19 1 false
1 19 10 59 10 19 1 false
1 19 10 59 10 19 1 false
1 19 10 59 10 19 1 false
1 19 19 1 false
1 60 61 60 62 19 1 false
1 2 62 2 1 false
1 19 19 1 false
1 19 6 63 6 1 false
1 19 6 63 6 1 false
1 64 65 66 1 false
1 19 21 67 6 68 10 1 false
1 19 62 19 1 false
1 6 69 6 1 false
1 2 57 2 1 false
1 19 10 70 31 71 14 72 14 73 31 57 19 1 false
1 19 10 70 31 71 14 72 14 73 31 57 19 1 false
1 19 57 19 1 false
1 2 57 10 70 10 57 2 1 false
1 10 1 10 1 false
1 10 1 10 1 false
1 10 1 10 1 false
1 10 1 false
1 10 1 10 1 false
1 10 1 10 1 false
1 10 1 false
1 10 1 10 1 false
1 10 1 false
1 10 1 false
1 2 1 2 1 false
1 2 1 2 1 false
1 2 1 2 1 false
1 2 1 2 1 false
1 2 1 2 1 false
1 2 1 2 1 false
1 23 7 23 1 false
1 31 39 31 1 false
1 31 39 31 1 false
1 31 39 31 1 false
1 2 74 31 75 23 76 21 77 78 19 1 false
1 2 74 31 75 23 76 21 77 78 19 1 false
1 19 19 1 false
1 12 57 16 79 6 80 12 39 23 81 25 74 2 1 false
1 2 39 2 1 false
1 2 69 2 1 false
1 6 82 6 1 false
1 6 82 6 1 false
1 6 82 6 19 1 false
1 6 82 6 1 false
1 6 82 6 19 1 false
1 6 82 6 19 1 false
1 6 83 6 1 false
1 19 62 25 84 25 1 false
1 19 19 1 false
1 19 10 5 25 85 25 1 false
1 19 10 5 25 85 25 1 false
1 10 9 31 86 56 26 6 9 19 1 false
1 87 1 false
1 10 9 88 89 8 90 88 91 21 92 10 1 false
1 19 93 6 47 31 94 25 95 19 1 false
1 25 19 1 false
1 25 10 96 6 1 false
1 25 10 96 6 97 25 1 false
1 19 10 96 6 1 false
1 19 10 96 6 97 25 1 false
1 6 96 6 97 25 1 false
1 19 19 1 false
1 19 10 92 10 19 1 false
1 19 10 92 10 19 1 false
1 19 10 92 10 19 1 false
1 19 10 92 10 19 1 false
1 19 19 1 false
1 98 99 98 1 false
1 10 9 10 1 false
1 100 101 100 1 false
1 100 101 100 1 false
1 100 101 100 1 102 1 false
1 100 101 100 1 false
1 100 101 100 1 102 1 false
1 102 1 false
1 10 9 10 1 false
1 10 9 10 1 false
1 10 9 10 1 false
1 10 9 10 1 false
1 10 9 10 1 false
1 10 9 10 1 false
1 19 9 19 1 false
1 19 9 19 1 false
1 19 9 19 1 false
1 19 19 1 false
1 19 34 1 34 19 1 false
1 19 34 1 34 19 1 false
1 19 34 1 34 1 19 1 false
1 19 34 1 34 1 false
1 19 34 1 34 19 1 false
1 19 34 1 34 19 1 false
1 19 34 1 34 1 19 1 false
1 19 34 1 34 1 false
1 19 19 1 false
1 19 34 1 34 1 19 1 false
1 19 34 1 34 1 false
1 19 34 1 34 1 19 1 false
1 19 34 1 34 1 false
1 19 1 false
1 10 103 10 1 false
1 10 103 10 1 false
1 10 103 10 1 false
1 12 104 12 1 false
1 12 104 12 1 false
1 12 104 25 105 25 106 25 1 false
1 12 104 25 105 25 106 25 1 25 1 false
1 12 104 25 105 25 106 25 1 false
1 12 104 12 1 false
1 12 104 25 105 25 106 25 1 false
1 12 104 25 105 25 106 25 1 25 1 false
1 12 104 25 105 25 106 25 1 false
1 12 104 25 105 25 106 25 1 false
1 12 104 25 105 25 106 25 1 25 1 false
1 12 104 25 105 25 106 25 1 false
1 25 1 false
1 25 106 25 1 false
1 25 1 25 106 25 1 false
1 2 1 2 1 false
1 2 1 2 1 false
1 2 1 2 1 false
1 19 19 1 false
1 50 90 10 1 false
1 19 107 50 1 false
1 19 107 50 1 false
1 19 107 50 1 false
1 19 107 50 1 false
1 19 107 12 49 12 1 false
1 19 107 12 49 12 19 1 false
1 19 107 12 49 12 19 1 false
1 19 107 12 49 12 2 1 false
1 19 107 12 49 12 1 false
1 19 107 12 49 12 19 1 false
1 50 107 50 1 false
1 50 107 50 1 false
1 50 107 50 1 false
1 50 107 12 49 12 1 false
1 50 107 12 49 12 19 1 false
1 50 107 12 49 12 19 1 false
1 50 107 12 49 12 2 1 false
1 50 107 12 49 12 1 false
1 50 107 12 49 12 19 1 false
1 50 107 50 1 false
1 50 107 50 1 false
1 50 107 12 49 12 1 false
1 50 107 12 49 12 19 1 false
1 50 107 12 49 12 19 1 false
1 50 107 12 49 12 2 1 false
1 50 107 12 49 12 1 false
1 50 107 12 49 12 19 1 false
1 50 107 50 1 false
1 50 107 12 49 12 1 false
1 50 107 12 49 12 19 1 false
1 50 107 12 49 12 19 1 false
1 50 107 12 49 12 2 1 false
1 50 107 12 49 12 1 false
1 50 107 12 49 12 19 1 false
1 50 107 12 49 12 1 false
1 50 107 12 49 12 19 1 false
1 50 107 12 49 12 19 1 false
1 50 107 12 49 12 2 1 false
1 50 107 12 49 12 1 false
1 50 107 12 49 12 19 1 false
1 12 49 12 19 1 false
1 12 49 12 19 1 false
1 12 49 12 2 1 false
1 12 49 12 1 false
1 12 49 12 19 1 false
1 19 19 1 false
1 19 2 1 false
1 19 12 49 12 1 false
1 19 12 49 12 19 1 false
1 19 2 1 false
1 19 12 49 12 1 false
1 19 12 49 12 19 1 false
1 2 12 49 12 1 false
1 2 12 49 12 19 1 false
1 12 49 12 19 1 false
1 12 109 12 9 2 1 false
1 10 92 10 1 false
1 10 92 10 1 false
1 10 92 10 1 false
1 19 1 19 1 false
1 19 1 6 110 34 1 false
1 19 1 6 110 34 1 false
1 10 111 21 112 10 113 31 114 31 1 false
1 10 111 21 112 10 113 31 114 31 1 false
1 10 111 21 112 10 113 31 114 31 19 1 false
1 10 111 21 112 10 113 31 114 31 1 false
1 31 114 31 1 false
1 31 114 31 19 1 false
1 31 114 31 1 false
1 31 114 31 19 1 false
1 31 114 31 1 false
1 19 31 114 31 1 false
1 19 19 1 false
1 19 115 116 115 19 1 false
1 19 115 116 115 19 1 false
1 19 115 116 115 19 1 false
1 19 115 116 115 19 1 false
1 19 19 1 false
1 25 117 2 1 false
1 118 119 120 121 16 122 31 1 false
1 118 119 120 121 16 122 54 123 21 1 false
1 118 119 120 121 16 122 54 123 21 1 false
1 118 119 120 121 16 122 54 123 21 1 false
1 118 119 120 121 16 122 54 124 21 125 2 1 false
1 31 122 54 123 21 1 false
1 31 122 54 123 21 1 false
1 31 122 54 123 21 1 false
1 31 122 54 124 21 125 2 1 false
1 21 123 21 1 false
1 21 123 21 1 false
1 21 123 54 122 54 124 21 125 2 1 false
1 21 123 21 1 false
1 21 123 54 122 54 124 21 125 2 1 false
1 21 123 54 122 54 124 21 125 2 1 false
1 10 126 19 1 false
1 31 127 14 128 16 129 6 130 19 1 false
1 19 126 10 1 31 127 14 128 16 129 6 130 19 1 false
1 12 131 56 132 6 1 false
1 19 19 1 false
1 19 133 12 86 54 79 16 134 12 1 false
1 10 135 31 23 134 10 57 2 1 false
1 19 1 50 1 false
1 19 1 50 1 false
1 19 1 50 1 false
1 19 1 50 1 false
1 19 1 50 1 false
1 19 1 50 1 false
1 19 1 false
1 50 1 50 1 false
1 50 1 50 1 false
1 50 1 50 1 false
1 50 1 50 1 false
1 50 1 50 1 false
1 50 1 false
1 50 1 50 1 false
1 50 1 50 1 false
1 50 1 50 1 false
1 50 1 50 1 false
1 50 1 false
1 50 1 50 1 false
1 50 1 50 1 false
1 50 1 50 1 false
1 50 1 false
1 50 1 50 1 false
1 50 1 50 1 false
1 50 1 false
1 50 1 50 1 false
1 50 1 false
1 50 1 false
1 25 136 25 1 false
1 19 19 1 false
1 19 10 92 31 5 16 72 16 137 16 47 12 1 false
1 19 10 92 31 5 16 72 16 137 16 47 12 19 1 false
1 19 10 92 31 5 16 72 16 137 16 47 12 19 1 false
1 19 10 92 31 5 16 72 16 137 16 47 12 138 2 1 false
1 19 10 92 31 5 16 72 16 137 16 47 12 138 2 1 false
1 19 10 92 31 5 16 72 16 137 16 47 12 1 false
1 19 10 92 31 5 16 72 16 137 16 47 12 19 1 false
1 19 10 92 31 5 16 72 16 137 16 47 12 19 1 false
1 19 10 92 31 5 16 72 16 137 16 47 12 138 2 1 false
1 19 10 92 31 5 16 72 16 137 16 47 12 138 2 1 false
1 12 47 12 19 1 false
1 12 47 12 19 1 false
1 12 47 12 138 2 1 false
1 12 47 12 138 2 1 false
1 19 19 1 false
1 19 12 47 12 138 2 1 false
1 19 12 47 12 138 2 1 false
1 19 12 47 12 138 2 1 false
1 19 12 47 12 138 2 1 false
1 2 138 2 1 false
1 2 1 false
1 19 92 19 1 false
1 2 136 50 139 19 1 false
1 2 138 10 49 6 1 false
1 2 138 10 49 6 1 false
1 6 49 6 1 false
1 10 57 10 1 false
1 10 57 25 84 60 99 10 57 2 1 false
1 10 57 25 84 60 99 10 57 2 1 false
1 6 140 21 1 false
1 12 141 16 142 23 93 23 135 10 1 false
1 21 140 25 143 25 141 16 142 23 93 23 135 10 1 false
1 10 57 10 1 false
1 2 57 2 1 false
1 2 57 10 9 31 79 144 19 1 false
1 2 57 10 9 31 79 88 59 25 93 19 1 false
1 2 57 10 9 31 79 144 19 1 false
1 2 57 10 9 31 79 88 59 25 93 19 1 false
1 19 144 79 88 59 25 93 19 1 false
1 19 10 9 6 145 146 147 31 9 10 57 2 1 false
1 31 57 27 9 2 148 8 149 25 57 31 9 10 1 false
1 50 150 10 151 19 1 false
1 152 153 152 1 false
1 152 153 31 154 31 155 10 156 157 1 false
1 152 153 31 154 31 155 10 150 10 158 19 1 false
1 152 153 31 154 31 155 10 156 157 1 false
1 152 153 31 154 31 155 10 150 10 158 19 1 false
1 157 156 10 155 10 150 10 158 19 1 false
1 19 1 6 159 160 161 14 6 19 1 false
1 19 1 6 159 160 161 14 6 19 1 false
1 19 19 1 false
1 2 33 31 86 6 164 6 35 31 69 2 1 false
1 19 33 10 9 6 165 54 166 8 167 10 168 2 1 false
1 10 169 10 1 false
1 10 169 23 93 88 131 31 170 25 1 false
1 10 169 23 93 88 131 31 170 25 1 171 172 42 39 31 19 1 false
1 10 169 23 93 88 131 31 170 25 1 171 172 42 39 31 19 1 false
1 10 169 23 93 88 131 31 170 25 1 171 172 42 39 31 2 1 false
1 10 169 23 93 88 131 31 170 25 1 171 172 42 39 14 173 31 19 1 false
1 10 169 23 93 88 131 31 170 25 1 false
1 10 169 23 93 88 131 31 170 25 1 171 172 42 39 31 19 1 false
1 10 169 23 93 88 131 31 170 25 1 171 172 42 39 31 19 1 false
1 10 169 23 93 88 131 31 170 25 1 171 172 42 39 31 2 1 false
1 10 169 23 93 88 131 31 170 25 1 171 172 42 39 14 173 31 19 1 false
1 171 172 42 39 31 19 1 false
1 171 172 42 39 31 19 1 false
1 171 172 42 39 31 2 1 false
1 171 172 42 39 14 173 31 19 1 false
1 19 19 1 false
1 19 2 1 false
1 19 31 39 14 173 31 19 1 false
1 19 2 1 false
1 19 31 39 14 173 31 19 1 false
1 2 31 39 14 173 31 19 1 false
1 10 169 10 1 false
1 6 174 6 1 false
1 19 19 1 false
1 23 175 10 176 6 177 54 96 31 178 179 1 false
1 23 175 10 176 6 177 54 96 25 19 1 false
1 23 175 10 176 6 177 54 96 25 19 1 false
1 23 175 10 176 6 177 16 7 16 180 120 1 false
1 19 25 96 25 19 1 false
1 19 25 96 54 177 16 7 16 180 120 1 false
1 19 25 96 54 177 16 7 16 180 120 1 false
1 144 61 144 1 false
1 8 96 8 1 false
1 8 96 8 1 false
1 8 96 8 1 false
1 31 131 31 1 false
1 31 131 31 1 false
1 31 131 31 1 false
1 6 187 188 189 25 192 120 193 10 1 false
1 10 191 25 120 189 25 192 120 193 10 1 false
1 6 53 6 1 false
1 2 1 false
1 2 1 88 187 21 1 false
1 19 6 194 31 1 false
1 19 19 1 false
1 19 19 1 false
1 19 19 1 false
1 19 19 1 false
1 19 31 195 31 19 1 false
1 19 31 195 31 19 1 false
1 19 31 195 31 19 1 false
1 19 31 195 31 19 1 false
1 19 31 195 31 19 1 false
1 19 31 195 31 19 1 false
1 19 19 1 false
1 19 19 1 false
1 19 19 1 false
1 19 1 false
1 6 196 31 156 10 93 115 93 197 57 14 6 62 19 1 false
1 6 196 31 156 10 93 115 93 197 57 14 19 1 false
1 6 196 31 156 10 93 115 93 197 57 14 62 19 1 false
1 6 196 31 156 10 93 115 93 197 57 14 62 19 1 false
1 19 62 6 14 57 14 62 19 1 false
1 19 62 6 14 57 14 62 19 1 false
1 19 14 57 14 62 19 1 false
1 19 14 57 14 62 19 1 false
1 19 62 19 1 false
1 6 198 31 187 10 1 false
1 6 198 31 187 10 1 21 1 false
1 6 198 54 1 false
1 6 198 54 1 false
1 6 198 54 1 14 194 31 1 false
1 10 187 31 198 54 1 14 194 31 1 false
1 21 1 10 187 31 198 54 1 false
1 21 1 10 187 31 198 54 1 false
1 21 1 10 187 31 198 54 1 14 194 31 1 false
1 54 198 54 1 false
1 14 194 31 1 false
1 54 198 54 1 14 194 31 1 false
1 6 199 200 194 23 201 2 1 false
1 6 199 200 194 23 201 2 1 false
1 2 201 2 1 false
1 88 202 8 1 false
1 8 202 88 1 10 203 25 204 25 19 1 false
1 8 202 88 1 10 203 23 205 88 204 21 206 88 44 16 207 34 195 19 1 false
1 19 25 204 25 203 23 205 88 204 21 206 88 44 16 207 34 195 19 1 false
1 14 209 31 210 10 208 23 195 19 1 false
1 14 209 31 210 10 208 23 195 19 1 false
1 19 195 19 1 false
1 19 195 19 1 false
1 19 195 34 207 16 211 16 207 34 1 false
1 19 195 34 207 16 211 16 212 34 195 19 1 false
1 19 195 34 207 16 211 16 207 34 1 false
1 19 195 34 207 16 211 16 212 34 195 19 1 false
1 34 207 213 212 34 195 19 1 false
1 34 49 34 1 false
1 19 216 10 217 25 218 2 219 27 220 10 216 19 1 false
1 78 221 31 41 25 59 25 222 25 223 78 19 1 false
1 19 225 19 1 false
1 87 1 false
1 19 1 19 1 false
1 10 140 31 230 56 231 6 141 78 140 10 1 false
1 25 232 25 31 19 1 false
1 19 19 1 false
1 235 1 false
1 6 236 31 131 10 19 1 false
1 10 237 23 238 23 239 10 1 false
1 10 233 10 187 31 240 54 6 241 19 1 false
1 2 195 25 242 25 243 2 1 false
1 34 62 34 1 false
1 34 62 34 1 false
1 34 62 34 1 false
1 6 57 31 1 false
1 245 246 245 1 false
1 245 246 245 1 false
1 245 246 200 31 1 19 1 false
1 245 246 200 31 1 50 1 false
1 245 246 200 31 1 50 1 false
1 245 246 200 31 1 false
1 245 246 245 1 false
1 245 246 200 31 1 19 1 false
1 245 246 200 31 1 50 1 false
1 245 246 200 31 1 50 1 false
1 245 246 200 31 1 false
1 245 246 200 31 1 19 1 false
1 245 246 200 31 1 50 1 false
1 245 246 200 31 1 50 1 false
1 245 246 200 31 1 false
1 19 1 50 1 false
1 19 1 50 1 false
1 19 1 false
1 50 1 50 1 false
1 50 1 false
1 50 1 false
1 6 63 31 1 false
1 6 63 31 1 197 198 31 131 10 1 false
1 6 63 31 1 197 198 60 1 false
1 6 63 31 1 197 248 152 249 34 1 false
1 10 247 31 63 31 1 false
1 10 247 31 63 31 1 197 198 31 131 10 1 false
1 10 247 31 63 31 1 197 198 60 1 false
1 10 247 31 63 31 1 197 248 152 249 34 1 false
1 197 198 31 131 10 1 false
1 197 198 60 1 false
1 10 131 31 198 197 1 197 248 152 249 34 1 false
1 60 198 197 1 197 248 152 249 34 1 false
1 19 195 34 178 21 246 197 242 6 246 34 195 19 1 false
1 19 195 34 178 21 246 197 242 6 246 54 6 198 2 1 false
1 19 195 34 178 21 246 197 242 6 246 54 34 1 false
1 19 195 34 178 21 246 197 242 6 246 54 34 1 false
1 19 195 34 246 54 6 198 2 1 false
1 19 195 34 246 54 34 1 false
1 19 195 34 246 54 34 1 false
1 34 251 34 1 false
1 19 1 19 1 false
1 19 1 false
1 19 1 false
1 19 19 1 false
1 19 19 1 false
1 19 34 1 31 253 14 254 6 164 6 255 31 242 88 256 64 1 false
1 19 19 1 false
1 19 34 1 31 253 14 254 6 164 6 255 31 242 88 256 64 1 false
1 19 34 1 31 253 14 254 6 164 6 255 31 242 88 256 64 1 false
1 19 19 1 false
1 19 19 1 false
1 19 34 1 34 19 1 false
1 19 34 1 34 19 1 false
1 19 19 1 false
1 19 34 1 34 19 1 false
1 19 34 1 34 19 1 false
1 19 34 1 34 19 1 false
1 19 34 1 34 19 1 false
1 19 19 1 false
1 88 173 23 19 1 false
1 88 173 23 19 1 false
1 19 19 1 false
1 64 246 31 2 1 2 1 false
1 10 68 25 257 14 258 25 96 66 193 10 1 false
1 10 259 6 260 31 261 10 1 false
1 6 194 31 210 10 262 2 1 false
1 2 262 10 210 31 194 21 1 19 1 false
1 2 262 10 210 31 194 21 1 false
1 19 1 false
1 64 16 1 6 19 1 false
1 19 1 false
1 19 1 6 263 179 61 31 210 10 1 false
1 6 263 179 61 31 210 10 1 false
1 10 155 50 1 6 263 179 61 31 210 10 1 false
1 19 1 19 1 false
1 19 1 false
1 19 1 false
1 19 1 12 266 12 1 false
1 12 266 12 1 false
1 6 194 60 1 19 1 false
1 6 194 60 1 false
1 6 194 25 1 false
1 6 194 25 1 25 267 2 1 false
1 6 194 25 1 25 267 2 268 21 210 10 1 false
1 6 194 25 1 25 1 false
1 19 1 60 194 25 1 false
1 19 1 60 194 25 1 25 267 2 1 false
1 19 1 60 194 25 1 25 267 2 268 21 210 10 1 false
1 19 1 60 194 25 1 25 1 false
1 60 194 25 1 false
1 60 194 25 1 25 267 2 1 false
1 60 194 25 1 25 267 2 268 21 210 10 1 false
1 60 194 25 1 25 1 false
1 25 267 2 268 21 210 10 1 false
1 25 1 false
1 2 267 2 268 21 210 10 1 false
1 2 267 25 1 25 1 false
1 10 210 21 268 2 267 25 1 25 1 false
1 12 269 16 270 31 271 10 1 false
1 12 269 16 194 31 272 10 273 64 1 false
1 10 271 31 270 16 269 16 194 31 272 10 273 64 1 false
1 19 1 false
1 19 1 25 113 56 274 144 275 23 1 false
1 25 113 56 274 144 275 23 1 false
1 171 1 false
1 25 276 6 1 false
1 25 276 277 1 false
1 171 1 25 276 6 1 false
1 171 1 25 276 277 1 false
1 6 276 277 1 false
1 31 62 2 1 false
1 19 19 1 false
1 19 8 1 31 62 2 1 false
1 19 8 1 31 62 2 1 false
1 10 281 98 278 10 203 6 7 31 282 2 1 false
1 10 281 98 278 10 203 6 7 31 282 197 283 31 284 10 220 19 1 false
1 10 281 98 278 10 203 6 7 31 282 2 1 false
1 10 281 98 278 10 203 6 7 31 282 197 283 31 284 10 220 19 1 false
1 6 285 16 286 16 233 6 1 false
1 6 285 16 286 16 233 31 287 25 288 21 233 23 289 19 1 false
1 10 203 6 53 88 41 200 290 31 291 98 292 2 1 false
1 21 278 2 1 10 203 6 53 88 41 200 290 31 291 98 292 2 1 false
1 25 44 78 1 false
1 25 44 293 210 10 1 false
1 19 278 6 44 78 1 false
1 19 278 6 44 293 210 10 1 false
1 78 44 293 210 10 1 false
1 19 294 19 1 false
1 31 295 31 19 1 false
1 31 295 31 19 1 false
1 31 295 31 19 1 false
1 19 31 295 31 19 1 false
1 19 31 295 31 19 1 false
1 19 19 1 false
1 19 1 25 1 false
1 19 1 false
1 19 1 25 296 277 297 200 41 16 62 25 1 19 1 false
1 19 1 25 296 277 297 200 41 16 62 25 1 25 1 19 1 false
1 19 1 25 296 277 297 200 41 16 62 25 1 25 1 false
1 19 1 25 296 277 297 200 41 16 62 25 1 false
1 19 1 25 296 277 297 200 41 16 62 25 1 50 1 19 1 false
1 19 1 25 296 277 297 200 41 16 62 25 1 50 1 false
1 19 1 25 296 277 297 200 41 16 62 16 298 25 299 25 1 25 1 false
1 19 1 25 296 277 297 200 41 16 62 16 298 25 299 25 1 false
1 25 1 25 1 false
1 25 1 false
1 25 1 25 296 277 297 200 41 16 62 25 1 19 1 false
1 25 1 25 296 277 297 200 41 16 62 25 1 25 1 19 1 false
1 25 1 25 296 277 297 200 41 16 62 25 1 25 1 false
1 25 1 25 296 277 297 200 41 16 62 25 1 false
1 25 1 25 296 277 297 200 41 16 62 25 1 50 1 19 1 false
1 25 1 25 296 277 297 200 41 16 62 25 1 50 1 false
1 25 1 25 296 277 297 200 41 16 62 16 298 25 299 25 1 25 1 false
1 25 1 25 296 277 297 200 41 16 62 16 298 25 299 25 1 false
1 25 1 25 296 277 297 200 41 16 62 25 1 19 1 false
1 25 1 25 296 277 297 200 41 16 62 25 1 25 1 19 1 false
1 25 1 25 296 277 297 200 41 16 62 25 1 25 1 false
1 25 1 25 296 277 297 200 41 16 62 25 1 false
1 25 1 25 296 277 297 200 41 16 62 25 1 50 1 19 1 false
1 25 1 25 296 277 297 200 41 16 62 25 1 50 1 false
1 25 1 25 296 277 297 200 41 16 62 16 298 25 299 25 1 25 1 false
1 25 1 25 296 277 297 200 41 16 62 16 298 25 299 25 1 false
1 25 296 277 297 200 41 16 62 25 1 19 1 false
1 25 296 277 297 200 41 16 62 25 1 25 1 19 1 false
1 25 296 277 297 200 41 16 62 25 1 25 1 false
1 25 296 277 297 200 41 16 62 25 1 false
1 25 296 277 297 200 41 16 62 25 1 50 1 19 1 false
1 25 296 277 297 200 41 16 62 25 1 50 1 false
1 25 296 277 297 200 41 16 62 16 298 25 299 25 1 25 1 false
1 25 296 277 297 200 41 16 62 16 298 25 299 25 1 false
1 19 1 25 1 false
1 19 1 false
1 19 1 50 1 19 1 false
1 19 1 50 1 false
1 19 1 25 62 16 298 25 299 25 1 25 1 false
1 19 1 25 62 16 298 25 299 25 1 false
1 19 1 false
1 19 1 25 1 false
1 19 1 25 1 50 1 19 1 false
1 19 1 25 1 50 1 false
1 19 1 25 1 25 62 16 298 25 299 25 1 25 1 false
1 19 1 25 1 25 62 16 298 25 299 25 1 false
1 25 1 50 1 19 1 false
1 25 1 50 1 false
1 25 1 25 62 16 298 25 299 25 1 25 1 false
1 25 1 25 62 16 298 25 299 25 1 false
1 50 1 19 1 false
1 50 1 false
1 25 62 16 298 25 299 25 1 25 1 false
1 25 62 16 298 25 299 25 1 false
1 19 1 50 1 25 62 16 298 25 299 25 1 25 1 false
1 19 1 50 1 25 62 16 298 25 299 25 1 false
1 50 1 25 62 16 298 25 299 25 1 25 1 false
1 50 1 25 62 16 298 25 299 25 1 false
1 31 300 25 25 222 197 205 23 301 10 1 false
1 88 39 23 302 23 1 false
1 88 39 23 302 23 1 88 39 14 1 false
1 14 195 2 19 1 false
1 14 195 2 23 39 23 302 23 1 false
1 14 195 2 23 39 23 302 23 1 88 39 14 1 false
1 19 23 39 23 302 23 1 false
1 19 23 39 23 302 23 1 88 39 14 1 false
1 19 303 23 208 10 304 305 289 197 195 31 19 1 false
1 19 303 23 208 10 304 305 289 197 195 31 19 1 false
1 19 303 23 208 10 304 12 176 21 302 306 1 false
1 19 19 1 false
1 19 31 195 197 289 305 304 12 176 21 302 306 1 false
1 19 31 195 197 289 305 304 12 176 21 302 306 1 false
1 10 195 88 307 31 308 19 1 false
1 10 195 88 307 31 308 179 1 false
1 10 195 31 309 31 1 false
1 10 195 31 309 21 178 120 1 false
1 2 195 88 307 31 308 19 1 false
1 2 195 88 307 31 308 179 1 false
1 2 195 31 309 31 1 false
1 2 195 31 309 21 178 120 1 false
1 19 308 31 307 88 195 31 309 31 1 false
1 19 308 31 307 88 195 31 309 21 178 120 1 false
1 179 308 31 307 88 195 31 309 31 1 false
1 179 308 31 307 88 195 31 309 21 178 120 1 false
1 19 289 10 244 25 84 6 1 false
1 19 282 78 289 10 244 25 84 6 1 false
1 25 143 25 310 25 311 25 62 16 150 10 1 false
1 19 19 1 false
1 19 6 150 10 1 false
1 19 6 150 10 1 false
1 19 69 19 1 false
1 19 69 31 312 88 48 31 313 19 1 false
1 19 69 31 312 88 48 31 313 179 198 31 272 10 1 false
1 19 69 31 312 88 48 31 313 179 198 31 272 179 1 false
1 19 69 31 312 88 48 31 313 19 1 false
1 19 69 31 312 88 48 31 313 179 198 31 272 10 1 false
1 19 69 31 312 88 48 31 313 179 198 31 272 179 1 false
1 19 313 179 198 31 272 10 1 false
1 19 313 179 198 31 272 179 1 false
1 2 198 10 315 6 7 14 196 6 313 19 1 false
1 2 198 10 315 6 7 14 196 31 316 19 1 false
1 19 313 6 196 31 316 19 1 false
1 19 317 6 198 31 1 false
1 19 317 6 198 25 170 6 1 false
1 19 117 19 1 false
1 19 117 31 209 25 318 319 320 34 1 false
1 19 117 31 209 25 318 319 320 34 1 false
1 19 19 1 false
1 19 10 206 25 321 25 311 25 320 12 19 1 false
1 19 10 206 25 321 25 311 25 320 12 19 1 false
1 19 19 1 false
1 12 322 144 323 31 292 10 220 2 1 false
1 10 226 6 324 14 325 25 148 8 226 10 1 false
1 10 226 6 324 14 325 23 203 10 278 19 1 false
1 10 226 6 324 14 325 23 203 10 278 19 1 false
1 10 226 8 148 25 325 23 203 10 278 19 1 false
1 10 226 8 148 25 325 23 203 10 278 19 1 false
1 19 326 10 208 25 197 325 23 203 19 1 false
1 6 328 6 1 false
1 2 329 88 330 14 236 31 331 10 1 false
1 19 249 6 332 306 333 23 1 false
1 64 16 173 6 19 1 false
1 6 69 197 316 152 150 10 151 19 1 false
1 6 69 197 316 152 150 10 151 19 1 false
1 19 151 19 1 false
1 10 334 12 244 14 47 31 69 2 1 false
1 19 34 1 10 334 10 1 false
1 19 34 1 10 334 10 1 87 19 1 false
1 19 34 1 10 334 12 244 14 47 31 69 2 1 false
1 87 19 1 false
1 10 334 12 244 14 47 31 69 2 1 false
1 19 87 1 10 334 12 244 14 47 31 69 2 1 false
1 19 151 19 1 false
1 19 19 1 false
1 2 220 10 195 10 338 19 339 340 1 false
1 21 187 21 1 false
1 64 16 242 6 19 1 false
1 64 16 242 197 295 152 1 false
1 64 16 242 197 295 152 1 false
1 64 16 242 197 295 152 1 false
1 64 16 242 197 295 152 1 false
1 19 6 242 197 295 152 1 false
1 19 6 242 197 295 152 1 false
1 19 6 242 197 295 152 1 false
1 19 6 242 197 295 152 1 false
1 152 295 152 1 false
1 152 295 152 1 false
1 152 295 152 1 false
1 152 295 152 1 false
1 152 295 152 1 false
1 152 295 152 1 false
1 6 343 6 1 false
1 64 173 31 344 10 1 false
1 64 173 31 344 10 1 false
1 10 344 10 1 false
1 10 92 6 96 277 345 16 346 34 1 false
1 10 92 6 96 277 345 16 346 34 1 false
1 87 1 false
1 8 299 42 79 16 247 6 92 10 1 false
1 8 299 42 79 16 247 10 1 false
1 10 92 6 247 10 1 false
1 6 347 56 195 6 1 false
1 6 347 56 195 8 1 false
1 6 347 56 195 8 1 false
1 6 347 56 195 8 1 false
1 6 347 56 187 21 1 false
1 2 348 87 19 1 false
1 2 348 87 19 1 false
1 2 348 152 295 88 348 31 347 56 195 6 1 false
1 2 348 152 295 88 348 31 347 56 195 8 1 false
1 2 348 152 295 88 348 31 347 56 195 8 1 false
1 2 348 152 295 88 348 31 347 56 195 8 1 false
1 2 348 152 295 88 348 31 347 56 187 21 1 false
1 19 19 1 false
1 19 152 295 88 348 31 347 56 195 6 1 false
1 19 152 295 88 348 31 347 56 195 8 1 false
1 19 152 295 88 348 31 347 56 195 8 1 false
1 19 152 295 88 348 31 347 56 195 8 1 false
1 19 152 295 88 348 31 347 56 187 21 1 false
1 19 152 295 88 348 31 347 56 195 6 1 false
1 19 152 295 88 348 31 347 56 195 8 1 false
1 19 152 295 88 348 31 347 56 195 8 1 false
1 19 152 295 88 348 31 347 56 195 8 1 false
1 19 152 295 88 348 31 347 56 187 21 1 false
1 8 195 8 1 false
1 8 195 8 1 false
1 8 195 213 187 21 1 false
1 8 195 8 1 false
1 8 195 213 187 21 1 false
1 8 195 213 187 21 1 false
1 306 226 21 226 10 359 6 177 31 178 10 1 false
1 306 226 21 226 10 359 6 177 34 1 false
1 306 226 21 226 10 359 6 80 8 1 false
1 10 178 31 177 213 80 8 1 false
1 34 177 213 80 8 1 false
1 25 359 25 360 64 1 false
1 25 359 25 360 34 1 false
1 25 359 25 360 34 1 false
1 34 360 34 1 false
1 2 195 2 1 false
1 2 80 363 178 21 364 10 131 6 209 14 44 16 70 6 195 19 1 false
1 19 19 1 false
1 19 10 206 31 367 16 7 16 57 31 205 2 1 false
1 19 10 206 31 367 16 7 16 57 31 205 2 1 false
1 19 10 206 31 367 16 7 16 57 31 206 10 19 1 false
1 19 10 206 31 367 16 7 16 57 31 206 10 19 1 false
1 19 10 206 31 367 16 7 16 57 14 131 144 1 false
1 19 10 206 31 367 16 7 16 57 14 131 144 1 false
1 19 10 206 31 367 16 7 16 57 14 131 144 1 false
1 19 10 206 31 367 16 7 16 57 31 206 10 19 1 false
1 19 10 206 31 367 16 7 16 57 31 206 10 19 1 false
1 19 10 206 31 367 16 7 16 57 14 131 144 1 false
1 19 10 206 31 367 16 7 16 57 14 131 144 1 false
1 19 10 206 31 367 16 7 16 57 14 131 144 1 false
1 87 1 false
1 2 205 31 57 31 206 10 19 1 false
1 2 205 31 57 31 206 10 19 1 false
1 2 205 31 57 14 131 144 1 false
1 2 205 31 57 14 131 144 1 false
1 2 205 31 57 14 131 144 1 false
1 2 205 31 57 31 206 10 19 1 false
1 2 205 31 57 31 206 10 19 1 false
1 2 205 31 57 14 131 144 1 false
1 2 205 31 57 14 131 144 1 false
1 2 205 31 57 14 131 144 1 false
1 19 19 1 false
1 19 10 206 31 57 14 131 144 1 false
1 19 10 206 31 57 14 131 144 1 false
1 19 10 206 31 57 14 131 144 1 false
1 144 131 144 1 false
1 144 131 144 1 false
1 144 131 144 1 false
1 19 19 1 false
1 98 368 31 316 369 370 88 323 371 187 98 289 10 1 false
1 98 368 31 316 369 370 88 323 371 187 98 372 10 1 false
1 98 368 31 316 369 370 88 323 371 187 98 289 10 1 false
1 98 368 31 316 369 370 88 323 371 187 98 372 10 1 false
1 2 373 47 14 339 31 1 197 374 31 375 10 1 false
1 2 373 47 54 336 6 195 19 1 false
1 197 374 31 375 10 1 false
1 31 339 14 47 54 336 6 195 19 1 false
1 10 376 6 370 377 101 2 40 23 1 false
1 19 19 1 false
1 6 69 54 268 31 21 2 161 14 378 31 19 1 false
1 6 69 54 268 31 21 2 1 false
1 19 31 378 14 161 2 2 1 false
1 19 62 31 379 88 93 78 380 6 230 14 1 6 178 10 19 1 false
1 19 62 31 379 88 93 78 380 6 230 14 1 false
1 19 62 31 379 88 93 78 380 6 230 14 1 false
1 14 230 14 1 false
1 6 381 31 68 66 131 2 1 false
1 6 381 31 68 66 131 66 1 false
1 6 381 31 68 66 131 66 1 false
1 2 131 66 1 false
1 2 131 66 1 false
1 66 131 66 1 false
1 10 59 6 7 16 374 6 1 false
1 19 31 21 315 2 1 false
1 19 1 false
1 34 205 34 1 false
1 34 205 34 1 false
1 34 205 34 1 false
1 19 19 1 false
1 19 25 382 25 311 25 1 false
1 19 25 382 25 311 25 1 false
1 171 383 171 1 false
1 8 86 8 1 false
1 8 86 8 1 false
1 8 86 8 1 false
1 34 205 34 1 false
1 34 205 34 1 false
1 34 205 34 1 false
1 19 19 1 false
1 64 148 8 9 2 255 25 1 false
1 64 148 6 1 false
1 25 255 2 9 8 148 6 1 false
1 34 205 152 255 144 387 2 195 8 1 false
1 10 278 10 1 false
1 10 278 10 1 false
1 16 47 14 206 31 278 98 388 2 1 false
1 16 47 14 206 31 278 98 388 2 1 false
1 25 1 197 390 23 206 10 278 21 1 false
1 25 389 21 278 23 1 25 1 false
1 25 389 21 278 23 1 25 1 197 390 23 206 10 278 21 1 false
1 197 390 23 206 10 278 21 1 false
1 19 278 6 253 31 1 197 263 200 41 31 131 88 346 34 113 2 1 false
1 197 263 200 41 31 131 88 346 34 113 2 1 false
1 87 1 false
1 87 1 false
1 2 69 10 391 6 147 31 239 50 392 10 1 false
1 2 69 10 391 6 147 393 394 19 1 false
1 2 69 10 391 6 147 31 239 50 392 10 1 false
1 2 69 10 391 6 147 393 394 19 1 false
1 10 392 50 239 31 147 393 394 19 1 false
1 19 1 false
1 2 90 2 1 false
1 6 395 157 90 2 1 false
1 2 90 2 1 false
1 2 90 2 1 false
1 2 90 2 1 false
1 21 396 21 1 false
1 2 90 2 1 false
1 2 90 2 1 false
1 2 90 6 198 371 397 10 113 21 90 2 1 false
1 2 90 2 1 false
1 2 90 6 198 371 397 10 113 21 90 2 1 false
1 2 90 6 198 371 397 10 113 21 90 2 1 false
1 2 69 2 402 25 88 131 277 1 false
1 19 19 1 false
1 19 12 387 25 405 31 264 14 406 6 1 19 1 false
1 19 12 387 25 405 31 264 14 406 6 1 false
1 19 12 387 25 405 31 264 14 406 6 1 19 1 false
1 19 12 387 25 405 31 264 14 406 6 1 false
1 19 1 false
1 25 31 230 25 96 31 178 34 216 19 1 false
1 25 323 25 370 25 1 false
1 25 323 25 370 25 1 8 93 2 1 false
1 25 323 25 370 25 1 8 93 88 407 408 44 6 409 50 410 34 1 false
1 25 323 25 370 25 1 8 93 88 407 408 44 6 409 50 410 34 1 false
1 25 323 25 370 25 1 8 93 88 407 408 44 16 253 31 282 19 1 false
1 8 93 2 1 false
1 8 93 88 407 408 44 6 409 50 410 34 1 false
1 8 93 88 407 408 44 6 409 50 410 34 1 false
1 8 93 88 407 408 44 16 253 31 282 19 1 false
1 2 93 88 407 408 44 6 409 50 410 34 1 false
1 2 93 88 407 408 44 6 409 50 410 34 1 false
1 2 93 88 407 408 44 16 253 31 282 19 1 false
1 34 410 50 409 50 410 34 1 false
1 34 410 50 409 6 44 16 253 31 282 19 1 false
1 34 410 50 409 6 44 16 253 31 282 19 1 false
1 10 411 6 1 false
1 2 3 10 93 19 1 false
1 10 289 10 412 12 173 144 1 false
1 10 289 10 412 12 173 144 413 235 1 false
1 87 1 false
1 19 19 1 false
1 10 174 31 79 306 232 88 173 144 19 1 false
1 10 174 31 79 306 232 88 173 144 88 166 8 414 10 208 2 1 false
1 10 174 31 79 306 232 88 173 144 88 166 8 414 10 131 19 1 false
1 19 88 166 8 414 10 208 2 1 false
1 19 88 166 8 414 10 131 19 1 false
1 2 208 10 414 10 131 19 1 false
1 12 415 21 1 false
1 12 415 16 7 54 416 6 1 false
1 12 415 16 7 54 416 417 418 31 1 false
1 21 415 16 7 54 416 6 1 false
1 21 415 16 7 54 416 417 418 31 1 false
1 6 416 417 418 31 1 false
1 12 113 21 419 19 1 false
1 6 420 16 398 6 187 10 1 false
1 6 420 16 398 6 187 10 1 21 80 2 1 false
1 19 419 21 113 16 44 16 420 16 398 6 187 10 1 false
1 19 419 21 113 16 44 16 420 16 398 6 187 10 1 21 80 2 1 false
1 2 186 31 421 88 264 31 138 197 253 6 1 false
1 2 422 197 423 64 1 false
1 19 19 1 false
1 19 10 424 10 19 1 false
1 19 10 424 10 19 1 false
1 19 10 424 6 425 197 246 188 318 319 357 120 1 false
1 19 10 424 6 425 197 246 188 318 319 357 120 1 false
1 19 10 424 10 19 1 false
1 19 10 424 10 19 1 false
1 19 10 424 6 425 197 246 188 318 319 357 120 1 false
1 19 10 424 6 425 197 246 188 318 319 357 120 1 false
1 19 19 1 false
1 19 10 424 6 425 197 246 188 318 319 357 120 1 false
1 19 10 424 6 425 197 246 188 318 319 357 120 1 false
1 19 10 424 6 425 197 246 188 318 319 357 120 1 false
1 19 10 424 6 425 197 246 188 318 319 357 120 1 false
1 120 357 120 1 false
1 10 195 10 1 false
1 34 178 34 1 false
1 64 138 10 220 25 370 25 84 25 1 false
1 64 138 10 220 25 370 25 84 25 1 25 333 6 1 false
1 25 84 25 1 false
1 25 84 25 1 25 333 6 1 false
1 25 426 25 311 25 1 false
1 25 426 25 311 25 1 false
1 25 426 25 311 25 1 25 210 6 158 2 1 false
1 25 311 25 1 false
1 25 311 25 1 25 210 6 158 2 1 false
1 25 210 6 158 2 1 false
1 25 1 false
1 25 1 false
1 12 427 64 1 false
1 25 1 25 1 false
1 25 1 12 427 64 1 false
1 25 1 12 427 64 1 false
1 2 158 25 1 false
1 2 158 25 1 false
1 2 158 19 1 false
1 25 158 25 1 false
1 25 158 19 1 false
1 25 158 19 1 false
1 25 84 50 428 197 187 21 150 10 158 19 1 false
1 19 1 21 7 88 44 16 210 341 187 21 69 19 1 false
1 21 187 14 429 14 253 31 275 2 1 false
1 98 187 25 1 false
1 19 1 6 1 false
1 19 1 6 1 false
1 16 280 16 1 false
1 2 299 6 432 16 388 6 433 23 1 false
1 2 299 6 432 16 388 6 433 23 434 19 1 false
1 2 299 6 432 197 392 6 96 60 435 10 1 false
1 23 433 23 434 19 1 false
1 23 433 6 388 16 432 197 392 6 96 60 435 10 1 false
1 19 434 23 433 6 388 16 432 197 392 6 96 60 435 10 1 false
1 19 1 false
1 19 398 10 437 31 438 56 243 213 131 31 419 2 1 false
1 19 398 10 437 31 438 56 243 213 131 31 419 197 439 6 1 false
1 2 419 197 439 6 1 false
1 21 1 false
1 19 19 1 false
1 10 440 12 443 21 131 2 1 false
1 10 442 25 221 50 441 23 80 6 440 12 443 21 131 2 1 false
1 19 10 187 10 1 false
1 19 10 187 10 1 21 1 false
1 21 1 false
1 6 140 25 444 120 220 19 1 false
1 6 140 25 444 120 220 179 1 false
1 19 220 179 1 false
1 25 445 88 31 1 false
1 25 445 88 31 1 false
1 25 445 88 31 69 25 19 1 false
1 25 445 88 31 69 25 19 1 false
1 31 31 1 false
1 31 31 69 25 19 1 false
1 31 31 69 25 19 1 false
1 31 31 69 25 19 1 false
1 31 31 69 25 19 1 false
1 19 19 1 false
1 6 130 10 158 19 1 false
